3.5583,3.2429
0.03041,-3.028
0.46173,3.1782
3.8542,-4.4759
5.63,-0.42097
-5.2549,3.5753
-2.2916,4.5677
2.5966,-5.8984
0.44257,-1.239
0.26993,-3.5502
-3.3826,-6.0403
-5.0092,0.25076
3.9343,-3.2173
1.7044,-3.5421
0.60853,1.4778
1.3551,-4.8623
-4.5744,4.9842
5.695,1.7402
4.3467,-5.9073
2.4728,2.8466
0.72846,1.307
-0.55393,-5.5993
3.205,4.0437
-5.4001,1.0394
3.3472,6.2296
-3.3296,6.2636
-5.2396,5.2551
-3.7327,4.2483
-5.9718,2.1755
-0.63759,-4.8087
5.4884,-0.48811
4.9967,3.4774
0.9992,-5.9814
-5.2717,5.9835
-0.16051,4.5121
-2.451,0.95796
2.2244,4.6752
-4.3956,4.8138
5.2303,-6.0888
-4.9925,-2.2206
-1.9231,-0.24191
1.0758,-1.4005
4.2631,3.4079
2.8569,-1.5474
0.80727,-2.3838
0.56633,3.4584
3.9575,0.24959
-4.944,0.098388
1.8809,0.65119
-3.8402,-3.3978
2.4698,5.6484
4.1553,4.5752
-5.7373,2.2998
0.60594,1.9831
1.913,-3.5677
-0.78465,2.239
-0.64278,-2.8747
-4.8834,2.0642
-2.0688,5.8297
-2.9962,-4.7533
-4.9031,-2.0146
3.5196,0.8501
-0.87298,1.3004
-3.2858,0.39596
0.41209,5.8195
-0.037655,-4.2509
5.3238,5.232
-0.20471,-5.8862
-5.0273,-6.1519
-3.5345,-4.1107
1.2539,1.5564
4.1767,-3.1738
3.8602,-1.9071
-3.7833,-2.4042
-0.10682,2.1132
2.9731,-4.9345
2.4509,1.0105
1.2674,6.1896
1.9821,-1.9867
-4.3552,-5.3634
-0.57321,5.4092
-0.15552,5.0776
1.4707,-0.30586
-1.2528,-5.217
0.23025,1.4174
-3.7757,-5.141
3.5238,-1.1905
5.8362,-0.34377
1.0365,3.2584
-4.2447,-3.6602
1.0485,-4.2191
1.8485,-2.366
-0.97532,-3.9238
5.7625,-2.7862
-3.7025,-1.0159
-6.1749,0.5608
1.4845,2.5095
-2.7812,-0.79995
-4.1714,-5.4525
-2.5597,0.86883
-3.86,3.5419
-2.3583,2.3212
1.578,3.6547
-5.1193,4.27
-4.2849,-4.2314
0.13616,-1.8306
2.8006,-6.2377
-4.6831,-5.8049
3.6174,3.6925
0.90635,-1.5214
2.1047,1.808
-5.1831,-1.0751
5.2509,2.6408
5.2776,2.4642
-5.5499,-2.1558
5.1956,-0.40063
-3.2639,-3.683
5.2258,-5.6323
-3.1499,4.713
-4.1578,6.2819
0.49183,2.5306
0.97561,-1.0601
4.5074,-0.93234
3.2407,-2.7079
1.1173,-3.7032
-4.1672,-3.3765
5.0921,6.2289
-6.21,-3.2665
-2.8322,-4.8474
-0.87899,4.1616
0.21401,2.0053
-5.3599,-0.97078
-1.7365,-0.18217
-5.5519,1.8361
3.1148,-0.90534
0.13387,-4.4732
-5.8589,4.7668
-1.4667,2.001
-6.1985,-1.1736
-3.848,5.0036
-5.511,4.425
-4.7263,-1.6464
2.5724,5.9307
-5.4654,3.6117
-5.3602,1.2365
2.5146,-1.2604
-3.2297,-0.23218
2.6761,5.5955
6.2421,-0.88126
-4.3576,1.2466
-4.5804,-3.7836
0.14182,-1.1215
-2.1382,-0.81031
6.013,0.5335
1.8464,5.2663
-5.928,5.1848
4.8923,5.3312
1.0212,-4.4996
4.5177,1.3066
-5.9126,-4.2834
0.093331,3.8678
-2.2573,5.1075
-0.53537,-2.8836
5.5849,-1.3538
-3.0669,-2.1477
1.5798,0.16402
-0.49301,-5.7464
3.0184,-1.1001
-4.2079,-1.9716
-2.3155,0.9115
4.3454,4.5176
-5.0677,2.1663
0.10778,-1.468
1.2457,-1.0969
-4.583,-3.0212
-2.3203,-5.3451
-4.7592,-1.248
-5.4651,5.1085
4.8004,5.8873
-0.18526,2.4231
0.85683,-2.1576
-2.7475,-5.0731
0.43559,-4.2095
3.1238,-4.5022
3.8107,0.32757
-3.8193,2.1992
-4.1961,0.067381
-1.2253,-3.692
-5.8819,-1.6819
2.3489,1.2476
-3.6176,5.3055
1.3428,5.0949
-4.304,-4.0564
-0.7885,1.8129
5.7866,2.2048
-0.49444,5.7577
2.9817,-2.9806
2.2548,-0.61589
-5.5775,4.5445
3.9725,2.4115
3.814,3.3485
-5.1168,-5.6965
-3.0277,-1.3973
6.2509,4.6169
4.9064,4.5785
-4.9462,-4.1504
-1.7289,-5.2095
5.5124,-3.6596
-4.3318,-4.8052
0.75741,-1.806
6.0905,-2.0613
0.13023,-4.5033
-2.9459,-0.76442
5.2334,-5.5549
1.9367,5.1368
2.1878,-2.2084
-1.3977,1.0599
2.7444,0.3527
2.7995,-1.4494
-5.7158,-2.0052
5.4542,4.8414
5.3453,1.4892
-5.9155,2.0106
-2.5924,-5.0318
-4.4125,4.57
2.7716,6.28
-1.8628,-3.2457
-3.0929,-1.8943
3.511,-0.83639
3.8327,-4.2026
3.8446,5.0162
1.6287,0.58207
-3.9737,-1.6196
-5.471,-5.6198
4.5527,2.5364
-0.04801,1.2878
3.1223,4.5876
-2.4961,0.09613
-2.0496,3.9483
1.7119,-4.9475
1.7368,5.5092
1.7747,-4.3982
6.0934,2.6864
-4.4803,1.1148
2.7058,-2.4579
-2.409,-1.3038
-3.5975,-1.7331
2.6695,-0.011161
-3.5704,-2.1808
2.7095,0.4658
5.5207,-2.2755
5.8916,1.9007
-1.9015,-4.3396
-3.8065,-5.69
3.0102,5.6202
3.0814,0.063496
-0.038277,-0.85067
1.8302,0.71183
-2.9921,5.886
-4.8057,4.0665
-6.233,-5.7205
-5.9471,2.984
2.6657,4.5786
-3.7065,1.9413
4.8288,-0.23109
-3.7647,5.2989
5.402,-3.7926
-4.3556,-0.83077
2.3744,5.1117
-4.7165,3.0107
4.1175,-3.3078
4.3452,0.12054
-2.0797,1.5214
3.3704,5.601
4.9319,-1.8858
0.49254,3.2404
3.5076,-0.42288
3.7833,1.6355
4.9419,-5.2838
-3.6067,-1.5067
3.7531,-4.9299
1.1754,1.9419
2.6202,3.1323
-3.9977,0.67835
-5.9232,-3.8834
0.69048,2.2346
3.6291,-1.561
3.8835,4.0575
-0.3779,2.3114
2.9698,2.7074
4.3227,0.0081228
0.50897,5.0052
5.148,-1.7686
-3.287,-4.8878
1.5072,-1.9773
-5.1124,4.3929
-4.8679,-1.4648
-2.4128,5.3487
1.5086,-2.7611
-5.1013,2.7632
5.7273,1.0497
-5.8752,0.78783
5.1648,-4.1784
-2.5031,-3.3514
2.2699,-2.6838
-3.6663,-2.1181
5.3109,-4.5724
5.2472,4.7026
1.8216,-3.6723
-4.2178,1.2966
-1.4158,-5.3001
5.6067,2.8327
5.3405,-5.9682
-5.7843,1.9934
-3.4624,-5.8982
-3.6592,-1.8142
-0.93264,-6.0711
3.4397,-3.8522
-5.4819,-4.1272
-3.8802,-5.1037
-5.5502,-0.49918
-0.020835,2.0829
-5.7547,0.57315
1.7517,3.2546
-0.95832,4.7458
-2.9158,-1.3171
1.8796,-1.8372
5.7939,3.0539
-4.2617,-1.1571
-1.3927,-0.033732
-5.5367,1.2422
-2.6537,-3.8399
2.4499,5.1476
-0.80528,-4.5964
4.1991,6.0491
-4.7654,-5.1366
-5.253,-2.9934
-0.98473,5.2286
4.6074,-4.2847
0.60235,-3.4882
1.4898,-3.8369
-1.241,1.9744
-4.3478,0.32015
3.3262,-5.5857
-4.3244,-4.122
2.0051,4.9637
-1.4587,-2.5707
-6.2102,-2.0773
0.99327,-0.90635
-3.8545,3.8791
2.8836,0.4105
2.8931,-6.1628
-3.8244,6.2688
4.9605,-1.6669
4.5455,-2.182
3.1891,1.5026
5.6321,4.8918
-4.6183,-0.19969
4.2166,-3.6031
-4.3276,-1.7825
-1.6542,-5.7903
1.8047,3.1431
1.7474,0.55265
4.0628,1.441
-0.12971,4.0855
2.0379,4.5853
4.3256,-2.8047
-1.7365,-2.5013
5.4471,4.2495
-5.3575,0.52991
-4.9941,1.7199
1.3287,-4.1081
0.46698,2.7235
2.3091,5.2617
-2.2373,-6.2177
1.1714,-4.1961
-3.0616,3.1623
-3.2309,-1.9201
3.0631,-1.5921
5.1551,2.1247
5.8206,-2.1136
2.9655,-5.2749
5.839,-2.1002
-5.7177,-4.3227
4.8275,-3.0686
5.7424,-5.8363
2.958,-0.79973
2.2855,-1.1886
-1.4031,1.5938
-1.0143,-4.1951
1.5767,-3.2705
0.30097,-5.628
3.9861,2.9192
4.565,0.71082
4.0778,2.1443
5.8927,3.596
-1.7107,1.4284
-2.899,-1.351
-0.97626,-2.9386
1.5368,5.0501
3.6258,-1.8557
-6.2616,5.228
-3.6294,-6.0779
-5.7241,4.8311
-0.74109,-2.7268
-5.7214,0.24599
1.3224,-4.7257
-6.0414,2.1732
-3.9453,-2.8792
-1.4878,2.7463
-1.254,-5.9379
-3.2355,1.9971
-3.2767,-5.7594
-0.93297,-6.1148
4.8567,-2.4731
-1.5576,0.98946
2.1339,-6.176
-2.7439,-5.8059
5.3339,-3.3401
-5.1446,-3.8978
5.5978,1.4327
4.2773,1.7741
-1.5708,4.5472
-4.2084,-2.5026
0.42405,1.6496
0.039599,5.3278
-6.2798,-0.83392
4.2563,-4.0553
6.0961,-0.30327
-4.858,-5.3135
4.2147,0.67107
-0.15145,-1.5415
3.1806,-1.1937
5.0282,4.8337
-2.3115,0.8442
-5.1267,3.2535
-5.2865,-3.4478
5.3365,-3.7406
-1.0253,0.18401
-5.8414,-1.3593
2.0927,-1.395
-5.8263,6.0663
3.4908,2.6013
-3.3895,0.18575
-1.9832,-0.43482
-1.1303,2.3337
-5.3819,3.4315
-0.53283,-1.9986
-5.5916,-6.152
4.116,-3.6027
0.90659,-3.2076
0.5143,-1.0003
-4.5979,-2.6312
-4.5012,3.6683
-0.014245,2.1365
-4.138,-3.6949
-1.2137,1.6023
-3.3624,4.3554
-3.2202,-1.4274
2.1537,3.4693
-3.3431,-2.3984
4.2913,1.1014
-1.1475,-1.7829
0.88078,-3.3981
-3.4346,1.7902
-3.1235,4.0489
1.2339,5.4164
4.6495,5.8049
-0.77254,-3.043
0.17548,-2.6541
-3.6056,1.309
4.915,2.3247
-2.8731,0.89127
2.9811,-1.7937
-3.4067,3.9132
-4.8005,2.3624
-0.054607,4.8142
-1.5116,-5.1541
0.68368,5.1557
5.6679,-2.6393
0.86746,-5.952
4.1705,2.0894
-2.8249,-2.8812
0.21406,1.4289
-4.3228,-4.3516
-2.3898,3.5279
3.2256,-3.6474
-5.4724,-0.37145
-3.129,-4.2126
0.82861,-3.9921
5.0488,4.5261
-3.5508,2.69
2.2568,-3.8041
0.02496,-0.6772
3.9261,6.0853
-3.9114,4.2577
-4.7576,-1.9708
5.3945,-0.31856
1.2444,-2.4647
1.0877,0.062639
2.1102,4.8533
-3.2465,4.5088
-5.0547,-5.8369
3.432,0.19168
4.3703,3.5396
3.1539,0.92063
-0.092991,-5.9038
4.8601,-4.1235
4.6858,4.4881
-1.3277,1.3726
-4.3672,5.7081
-3.7686,3.4329
-0.15338,5.0704
-4.7007,0.15193
-0.31486,2.291
3.1762,3.4237
-1.4558,2.0089
-6.0782,0.4981
-4.3328,-3.7193
4.3506,-2.9261
-1.665,2.2383
1.3673,1.2692
0.045507,5.8677
6.0229,-6.0882
-6.0251,5.9407
5.125,0.56417
5.8347,1.8156
3.118,0.017645
4.3314,-1.6958
-5.1439,3.3856
-2.4143,-4.1083
-2.2079,-2.513
-2.9668,0.87451
-5.4529,0.18038
-1.8714,-4.4598
-4.4655,0.63376
0.30321,4.0839
-2.6292,0.2348
4.0688,-2.1645
5.1157,-5.3987
-1.248,0.3627
-5.0123,-4.5201
4.7123,-6.2494
6.2299,-2.9568
5.9478,5.0181
0.84161,2.5531
5.5688,-3.7705
1.5374,5.1245
-5.7075,0.84115
2.2288,4.8971
4.391,-5.8544
4.622,-3.3915
-2.1407,1.161
-1.3732,-4.3858
1.116,6.007
-2.7498,-2.5852
-4.3665,4.123
1.3961,-4.284
-2.4555,-3.6991
-3.4842,1.6023
-4.3424,0.23918
5.7975,2.1234
3.2437,1.6515
0.52106,-3.7953
-5.5734,1.1207
1.1378,5.1802
0.11458,3.0535
1.4209,6.049
5.2252,0.53978
2.5177,-5.8332
4.343,3.2428
0.59685,-5.8428
-2.9841,-1.5881
5.9402,5.8127
3.5277,0.74115
-2.2575,-2.8685
1.0811,0.51736
-0.76519,-1.2139
-4.6351,1.6296
-2.2222,2.1724
5.447,-3.6061
5.8366,-4.2847
0.61109,2.3945
-2.1687,1.0922
-4.4597,-4.3985
-3.7421,-2.5532
5.7299,-1.9411
2.3571,0.39472
-3.0948,-0.77912
-0.8693,4.7313
-6.0874,-1.0615
-3.5735,2.5113
3.1816,-5.2706
3.8734,-5.5452
-3.0324,-1.2728
-2.7292,5.3125
-4.1845,2.3119
3.2699,4.9602
-3.7672,1.7129
-5.1268,3.6275
0.75673,0.21358
-1.5907,-2.2513
2.3772,-4.5726
4.3923,-1.0862
-2.552,0.36399
-0.80806,2.7671
-1.8331,-0.91819
-6.0106,5.7377
-2.8282,-0.41743
-3.45,0.55415
-3.1308,2.558
6.2016,4.449
-3.0658,0.028685
4.535,3.2235
3.9662,-4.9685
-4.3526,3.5523
0.032056,0.11284
0.37331,-6.1868
1.1843,-5.0531
5.6247,5.0034
2.2935,-1.7281
-6.0356,2.017
-4.0074,-1.9155
3.8128,-6.1227
3.5151,5.0115
1.0089,6.1541
3.3683,-5.8517
-5.4748,3.0517
3.8795,-3.988
-3.5465,5.8547
6.0002,-3.9287
5.2266,-0.090882
0.67848,1.359
0.19547,-4.8427
4.7147,-3.8551
-0.083856,1.7881
-1.2502,0.60652
1.7216,1.0556
1.2509,-4.4674
-3.615,-3.0247
3.2012,2.4051
4.6779,0.47594
-1.181,-2.3393
-3.9769,5.4099
1.5481,3.929
3.8481,6.1209
-1.8587,2.3728
2.7062,-4.5544
1.5999,0.43032
6.0725,3.8944
3.2725,3.1232
3.1765,5.7744
1.8271,0.55517
-1.2555,-4.7206
0.0086711,3.5672
-0.80621,-2.0656
-3.0767,-5.4439
-4.3606,4.7664
-4.3643,-1.7214
-4.6457,0.37527
-1.0795,3.0665
1.7536,-3.3969
6.164,-1.3355
3.1603,3.4066
5.219,2.0326
-3.2098,6.0139
-2.5072,0.36165
1.4422,-6.1141
5.9033,-0.27072
-0.23778,-6.2588
-1.1375,-1.7147
-0.44035,-1.6886
-5.3701,2.5963
5.6105,-1.7654
-1.9084,-0.824
4.4091,-5.6791
4.3776,-0.85443
-4.0015,-0.12315
-0.57071,-2.4146
-1.4533,-2.3904
-1.3744,5.8453
-2.1775,-5.4648
-1.5254,-3.4467
1.2995,0.16574
-1.169,1.7925
0.63519,-5.3795
4.4428,3.7113
-4.4988,3.0789
-5.4064,-5.87
-6.1021,0.7608
-3.8708,0.68407
6.0688,3.151
-1.5576,1.8435
3.1258,-3.2978
1.7506,-3.6478
-2.0409,-1.168
-1.5961,4.08
0.21272,-1.1311
1.3574,1.5643
-5.8432,5.7189
6.0309,5.4866
-1.9302,-4.2602
-5.7587,3.7609
-3.9009,2.5289
-3.577,-4.9244
-6.0526,3.9666
0.68533,1.5522
0.8227,-6.1623
-0.72311,0.66182
-5.8752,0.15852
-1.1441,2.9771
3.1979,-2.7407
-1.3394,3.5236
-6.0264,-0.89777
-5.7108,4.8961
-2.1744,-6.0608
-1.5875,6.1007
-5.6956,-0.61644
5.5114,3.1749
5.3992,3.6901
6.22,5.7936
-2.8848,-3.914
2.6493,2.8188
-3.8805,3.0089
1.1984,-3.3828
0.1018,-3.3489
0.22998,-4.7435
-5.5204,4.5009
2.7028,4.6682
-5.8554,5.8749
1.2854,-2.5228
0.66521,3.7298
-1.2344,2.5066
-3.0215,-2.6152
6.1838,0.95652
1.6906,4.5513
-5.2623,-0.83776
-0.88985,-1.0816
3,-2.8617
-1.6826,6.1136
-1.4573,1.4445
1.1022,-4.5314
2.5096,-5.9018
5.6133,-4.1016
-5.9321,-0.97735
6.2782,-3.6318
4.7166,5.8483
4.1672,-3.1952
5.2778,1.7164
0.86451,1.0034
2.5966,-5.5863
-2.1353,2.717
0.13545,-0.60559
-0.73692,-5.9856
2.8309,2.3243
4.9602,-1.4936
-3.6153,-5.1
-3.59,-0.59363
5.5743,-4.4277
-4.5642,-5.1639
-0.43693,-4.0188
0.47861,-5.7725
-2.254,0.55163
1.1566,2.0279
2.1655,3.1669
-5.369,-0.13965
2.3534,3.0421
-2.5803,5.9755
2.492,3.0084
-1.1802,0.16069
2.777,0.93784
5.2685,-2.0055
1.2772,-3.6681
1.8617,-4.0144
0.075866,5.1085
-0.16106,-2.0445
-0.18419,2.3694
2.5393,4.9855
1.1406,3.5242
-4.2254,2.101
-0.19325,4.98
-2.9172,0.44142
0.31786,-1.4061
-0.77256,-3.1512
-0.34014,2.0328
3.7866,-2.8762
-0.63021,-4.3009
0.76051,-3.4533
6.2766,1.9552
1.3182,-3.531
3.07,-3.2323
1.5466,-5.5025
3.2589,-4.7482
3.021,5.7375
0.80066,1.6925
-6.03,2.0373
5.3556,-0.75166
1.0341,-0.61919
5.2362,-4.3847
-3.7751,-4.6197
-3.5539,2.8735
-5.5227,-2.0991
5.9055,1.7139
6.0302,-3.5021
0.92155,0.41459
4.177,0.7644
-5.9551,0.23393
0.37736,-2.9509
-5.5504,4.4204
3.4786,1.6044
1.1067,0.24503
-5.6405,-5.0379
-1.6011,6.0786
-0.5557,2.409
-5.9433,-1.0622
4.7739,-2.6555
0.99497,-5.1117
3.0857,1.8537
5.3787,4.9865
5.0026,-3.7731
1.775,-0.60502
0.34691,0.077804
-2.8917,2.5153
3.25,-6.2584
-5.2533,3.7604
-1.9939,3.3974
2.4162,-3.447
-0.87344,3.2815
-2.6828,-1.6627
3.327,2.1621
-1.0896,-1.0965
-5.931,-4.564
1.7907,1.3229
-4.0194,-3.6343
-1.1724,-2.7056
-2.7134,4.3075
-4.7086,-5.6177
-4.751,-5.7325
4.3997,-0.14111
1.7827,-0.95514
-1.5132,-0.97697
1.5422,-0.62473
5.2734,-4.265
-4.8473,4.8385
4.8994,-3.5729
-1.997,-1.27
0.88826,2.4864
4.282,5.6547
-0.11999,0.52991
4.8246,1.179
-2.1136,-3.1724
-4.6352,3.7407
5.5234,-1.2356
-3.3924,-2.177
-2.1645,-3.1324
-5.1532,2.6662
-3.6556,-2.3421
-1.2067,2.7352
-0.58291,1.7728
3.5477,2.6805
-3.9733,-5.2337
4.46,-2.7165
-3.433,1.879
-2.6546,0.84432
1.9527,6.194
-5.4314,-2.4061
0.13688,3.8654
3.3152,1.371
-3.1472,-6.0874
1.1599,-1.0106
-5.6628,-1.2165
-3.0715,1.3615
-5.9758,-0.25771
5.8126,5.7113
-0.4003,4.942
-5.314,0.84228
0.43793,-4.3037
3.9871,6.1597
1.3988,2.7322
3.4188,-5.0151
0.5463,5.5779
3.0552,-1.0929
5.9931,1.2919
-0.74305,-2.674
3.4624,-1.3352
5.1786,0.45495
5.0281,-3.324
0.13755,3.3971
-2.7069,4.0874
-0.20675,5.9909
-2.7336,0.74265
-4.054,-5.6418
5.4895,-3.3158
1.766,5.1221
-0.9191,-2.7805
3.4402,-1.08
0.36072,-6.2694
-3.8853,-4.2532
1.8114,-0.50644
-3.0076,-0.5612
2.3827,-6.0238
-3.5348,0.24011
-5.5335,4.1865
-5.5223,-2.5541
4.9703,3.1057
0.36882,5.1217
-4.9498,-2.817
4.9227,0.33319
1.7733,-1.1643
-4.8913,0.92142
5.6411,4.5266
-4.619,-5.131
1.3809,-3.9316
-4.8153,6.1652
4.27,0.12237
-2.6694,-2.1483
-4.8475,-1.9107
3.359,-2.4727
-0.1385,0.56054
-5.3659,-3.4642
1.7484,4.3963
2.4989,-1.4791
-0.22811,-2.6921
3.1589,-3.5665
4.6356,0.80595
5.0512,1.4325
5.9819,-2.2533
4.1403,0.89982
4.7623,-5.8295
-3.1204,3.6706
-3.1008,-0.89833
-5.2708,-0.47229
-0.49627,5.3503
-4.5305,2.0157
-3.2384,5.1268
-1.6562,2.1456
3.2674,-0.5372
0.64685,-1.955
3.0395,-0.74898
5.8122,-4.6746
1.1025,4.3818
1.1151,-4.4211
-0.087709,-0.074235
0.51192,1.5794
6.1741,-0.09907
-2.4548,-0.49508
-4.369,0.57208
0.53579,0.41167
-4.2757,-1.0362
-5.0769,-3.2924
1.6283,0.42936
4.7105,4.0247
-4.7619,-4.8796
-5.9737,-2.3641
-6.2243,3.7368
0.93871,-2.0007
-1.4671,-0.39986
-0.59203,-0.058575
-4.9503,-0.4034
1.0655,-1.3092
4.0382,-5.8514
-3.2784,-1.7445
-4.1897,-0.48088
2.4014,-3.2537
-2.7093,-1.5466
-5.3472,5.4753
-0.68457,6.1078
5.9284,-3.4188
-0.45986,-3.8779
2.6234,-5.3059
3.5664,0.47812
4.2898,1.2599
-1.2377,-2.4381
5.1704,5.1905
-3.0771,4.0909
-3.1664,-4.6873
3.247,-3.6162
-0.1544,2.8461
4.7871,-3.2756
-5.3105,-0.72618
-2.5663,5.1113
2.6924,-0.54285
-4.955,1.87
-5.8409,0.18082
-0.29591,6.0928
4.8703,-1.1671
3.924,-2.0473
3.742,5.8207
3.8938,-0.49701
-0.31042,-1.5983
4.7111,6.1796
2.8427,-3.0729
-0.23173,-3.5718
2.7251,1.6415
-0.53025,-2.173
2.4873,5.3119
-4.7678,-1.7408
5.7339,3.9624
5.6542,3.5481
5.4263,-0.982
