-6.0712,3.4462
-3.9947,-1.8408
4.2936,5.8174
0.87559,0.45321
0.7649,-4.6577
0.27074,-3.7084
-3.0428,-3.8417
4.0008,3.8642
-4.4574,5.6058
-4.6172,-3.3359
0.11144,0.21716
-3.7125,1.4995
-3.5986,-4.303
-4.0001,0.47255
-4.178,4.9476
-6.0255,-0.3696
5.2208,-0.76648
-6.239,3.7433
2.0747,2.3188
-3.0004,1.9435
-2.3645,0.36641
3.3493,-5.2313
-1.5115,1.9247
2.8861,-2.1653
0.26017,-2.1667
-2.7803,-3.6922
-0.072321,4.4808
1.2559,-4.3578
3.934,-1.4279
-1.9813,3.6323
-2.937,0.31805
-4.6405,6.192
2.1611,4.9875
-3.8731,2.0727
0.93734,-5.5099
-5.6554,4.2907
-2.4479,1.6117
-5.5552,-6.0159
-2.0145,-2.4042
-5.4073,4.8208
-5.4059,3.643
-0.33318,-0.5319
-6.1269,3.9845
-5.0503,-1.9556
-2.8005,1.1472
0.54466,1.5767
-4.1453,2.848
-4.0986,6.1635
1.1284,-4.7176
1.9223,-1.896
0.5724,6.2699
3.015,5.5604
-3.5499,-3.0255
-2.5348,1.9891
2.7129,0.73173
-4.3107,0.060817
1.0692,1.0296
-5.4766,5.4465
-1.1381,-0.81799
-1.6524,0.26076
0.83701,-1.4144
5.1493,-2.696
0.61479,0.48679
2.8635,-0.73384
-5.4357,-3.763
2.9471,-3.0829
1.848,4.4739
3.6819,-0.095328
2.9038,-1.4097
6.2473,-4.3474
6.113,-1.6516
-1.6811,4.8044
-4.8128,1.2205
-2.3239,5.3274
3.2902,1.8819
-3.2104,4.3561
5.6527,-4.8958
6.0382,-5.1472
4.9789,-1.2313
-0.54129,-4.0233
5.0102,-2.9943
4.6557,-4.0119
4.9845,5.8104
4.5515,-4.3325
-1.7546,-3.273
0.58379,-0.58709
0.46405,2.6902
-4.0506,0.94456
-3.8297,-3.8683
-3.2124,-6.1602
0.43616,3.9387
3.6387,2.0339
4.7739,-3.6619
5.4555,-5.5124
-3.0513,-0.44105
4.5347,3.3546
-5.8238,0.11419
-1.3401,-2.8151
3.6291,3.9149
4.9918,-2.6158
1.2071,1.7459
1.6077,-1.594
-1.5384,1.7555
-4.0265,1.8717
3.0285,1.4324
3.482,0.12442
0.68632,-5.2516
4.3666,0.50589
0.6852,2.5076
3.629,-5.4995
-3.0142,-3.4544
2.75,-4.8891
0.28507,4.6834
2.3057,2.0774
-0.32392,0.78017
1.8797,-2.6527
0.17132,0.87029
2.5011,3.0196
1.3658,-0.27602
-5.3295,-0.33283
4.4508,3.7935
-1.0685,-4.1985
-3.167,-5.8375
-4.2551,2.6807
3.6659,-1.0831
0.094557,4.7288
-2.8991,5.1853
-2.4765,4.4642
4.7091,-1.3448
-1.2146,-2.6479
4.7986,-0.53447
-2.9448,2.3498
-0.65084,-6.0573
-3.1788,-1.4627
-5.5239,0.086246
-2.7424,1.3657
5.7554,0.65824
-2.118,3.9824
4.158,2.009
-3.5398,3.3427
0.62444,3.0306
1.7834,-0.46906
-3.689,-4.7138
4.8529,3.3713
-1.9875,-2.8709
3.8798,3.4766
-5.7858,-0.96082
1.8573,3.0589
-5.6865,-3.5609
4.7763,-2.5882
-5.8663,-5.0538
-5.1199,4.3197
2.0645,-6.253
2.1697,-2.4136
6.0091,1.7351
-5.5436,-0.356
1.4359,2.4584
0.56573,5.0641
-2.6645,-0.79717
-6.0525,-6.0107
1.1394,1.3437
-4.9791,2.6736
-0.8357,-0.84238
-5.1069,-5.1904
5.5882,3.3784
3.6139,-5.1683
3.6716,0.9148
6.0345,-2.4899
-5.0001,-2.4173
-5.9792,1.3095
-0.82518,-3.0346
-2.6028,-1.7598
3.4787,-5.2528
-0.3614,-5.3023
2.7581,-0.47249
4.9338,-4.6869
3.6657,2.7669
-4.4542,-2.4062
-3.3541,-1.5165
2.5558,-2.934
-1.5384,-4.3226
-5.9552,-3.9908
3.9636,5.6381
-5.1232,-0.43784
3.6468,2.2311
-0.19127,1.8199
2.1095,3.5997
1.9942,-0.2245
0.70525,-4.6653
6.061,-6.068
-1.8402,6.1315
4.7213,5.4479
-5.2097,-5.4192
-2.5406,2.1149
-4.3149,-0.79091
1.0315,-0.59347
1.1697,4.5312
-0.22545,0.48521
-5.9472,-2.0048
-2.436,-4.337
6.2259,-2.6319
-4.2447,0.01329
-2.5768,-5.219
-4.269,-1.2287
-5.432,-5.7744
-1.5066,-1.5936
-3.126,-2.4948
-1.1553,-1.2455
4.5342,5.4856
0.65986,-2.7982
3.8927,-1.9539
-3.9811,0.50669
2.1696,0.017411
-3.8165,-4.2201
-0.85793,5.4303
-0.16284,-5.9799
2.5073,-1.5404
0.31675,-1.3299
4.3619,-4.6809
1.7783,-2.1622
0.19032,3.6326
5.8589,3.5283
-0.39602,3.689
5.8259,2.4886
-5.5758,1.7172
-0.71615,-5.3383
4.8559,-3.2715
1.3283,-1.1467
0.95711,0.55881
3.4598,2.673
2.18,1.3303
-1.6557,-1.2989
2.7124,6.173
-4.9211,5.916
4.1321,-0.34435
4.2525,-2.1438
-3.6045,-3.362
-0.27681,-1.7078
3.6977,-2.8303
3.7518,2.0838
-3.4867,1.9297
5.2604,-4.4581
-2.9622,-1.5765
-5.9453,1.3886
0.3109,2.3015
-5.4704,-0.6274
-0.8842,-5.4663
0.29957,6.1629
-5.3278,-1.1863
-0.92156,-3.873
-0.73277,6.0367
5.5692,5.9972
-4.0481,-5.4721
1.1209,-0.37444
2.3691,-1.3426
-2.0279,6.2767
-1.805,-5.3876
-0.50984,4.3359
4.6001,-3.6482
-0.58308,-0.41445
-3.5024,-1.6523
3.6739,2.3047
3.569,-5.8439
0.27853,-3.6788
1.928,-4.0103
-5.1863,3.066
-3.544,2.3649
2.7993,-0.24238
-1.5888,4.5261
-3.9279,-5.3229
1.5384,0.094465
-1.2853,-4.6871
4.8332,-4.5725
-5.8973,4.9384
-1.1531,5.466
-1.4383,-2.5778
0.71112,6.1008
4.6354,-1.1528
-2.4272,5.3786
-0.73946,0.6224
4.002,0.17499
-3.9629,-1.8057
5.8486,5.7291
-5.3628,3.4291
2.6625,3.2943
-0.50551,4.2792
-1.5027,1.7366
3.2768,-2.9239
-0.45899,-4.5198
-5.1544,4.8536
-2.5292,-5.4898
-4.9364,-0.88514
-1.9559,3.0589
-0.54798,4.6469
-2.0217,2.3257
-2.6963,2.7584
-1.4859,3.1689
5.7876,-5.4197
2.5953,-5.4287
-1.1809,1.1323
4.7326,-2.3303
-4.0581,6.0008
5.653,1.7164
2.2144,-4.7839
0.12559,3.7127
2.8141,-3.0661
-4.2001,5.2814
-3.8139,-1.2307
0.93926,-2.1141
6.2439,-6.2618
4.0198,1.4749
-2.6747,-0.66733
-5.3343,-0.70803
0.60142,-3.6257
4.2198,4.5478
-6.0685,0.95231
1.9056,0.24826
2.6892,-3.8358
-0.31874,-3.6353
-4.9216,-2.9685
5.7793,4.2182
0.19755,-5.7532
1.4923,-4.1929
-5.4567,1.9109
-6.0694,-4.3492
-4.5765,6.1724
-0.32703,2.7578
3.6902,-5.3468
-5.9689,0.75693
5.0236,-1.6015
5.3663,3.9118
5.0495,-2.4477
0.66009,6.0241
3.5283,2.1579
1.812,5.0123
-2.0991,-1.6742
-4.971,-5.2712
-0.71751,2.5046
-4.5191,-3.053
4.4788,3.3262
2.1172,3.3761
-3.7697,-5.1972
6.1084,5.1863
3.6308,-5.199
-0.60582,-3.1389
1.2108,-3.4211
1.2617,-1.9622
5.9893,-5.4914
6.0418,1.0672
2.3181,-1.276
3.8111,-4.7743
-2.4937,2.0086
-4.9803,2.149
5.0283,-0.92066
-2.258,-2.8008
1.6755,2.2961
-0.53068,-5.5805
-1.3911,-2.6585
1.0366,4.3663
4.5992,0.3653
5.74,4.8505
1.6076,2.0406
-4.3449,-1.8243
-2.151,5.2187
2.2293,1.9023
5.1499,4.0529
3.1171,-1.7026
-5.933,-0.4692
5.2613,2.1555
-4.3797,-0.728
2.1312,-4.6743
0.71926,-3.2347
6.0151,-2.7962
-5.8636,-2.9363
3.0806,2.1139
-4.3457,-5.2819
-4.6297,-2.3545
-5.2099,-1.429
-3.8386,2.2838
-2.3051,-3.0371
0.074054,-2.3319
-2.3726,4.8324
3.0507,2.5328
6.1637,2.8632
2.6584,4.7142
2.8702,3.6276
4.9153,4.81
4.2481,-3.9616
-1.0065,-2.4207
-5.1618,4.8709
-1.3379,-6.1086
-0.20691,-0.94311
-5.5991,-3.0216
-1.1012,-0.14152
1.8745,-4.2295
5.1154,-0.19305
0.72309,-1.2066
-0.56223,-0.1959
-5.571,2.8093
1.5132,0.13624
5.2,-5.8525
-5.3497,1.7815
-0.35806,-0.136
-1.7524,3.8982
-2.443,-4.5437
-4.092,-3.7946
-1.8766,4.9144
5.5745,-3.0176
-6.064,2.5653
-1.8972,4.2026
-3.3529,3.3569
0.8071,3.3842
1.4832,-1.7692
-4.8994,-0.96028
0.80364,3.8095
3.2076,-3.1236
-2.1005,3.4565
3.5006,-0.35545
4.6841,-5.6282
-4.9803,2.9843
1.7503,1.1835
-2.2199,2.927
-6.0316,5.1592
2.0791,-3.723
4.6647,2.1933
-0.31059,-1.918
-0.45317,-5.5909
5.2864,4.322
0.33573,-1.2595
2.2667,-0.18379
-3.9161,-1.606
-4.5776,-6.0012
-0.93627,3.3804
4.6608,-3.4861
3.9009,2.5747
5.875,-5.3918
-3.4605,3.1314
0.40861,0.31823
-1.4261,-5.6898
-3.5856,-0.46486
3.4027,0.23841
6.2755,1.8135
-3.1356,4.8811
-5.421,-3.3311
-1.2283,-5.5656
2.9802,-3.5774
3.6809,-4.4592
2.2593,-0.60343
2.9127,-3.9348
-3.2342,-3.5706
5.3773,-3.0366
0.21828,4.0703
-1.6524,0.3659
-2.2716,5.4515
0.74796,3.6715
2.1709,-3.1345
-2.2463,0.83055
-2.1109,3.0205
-6.1974,-1.6646
0.42849,-2.0352
-0.095638,6.1176
5.4086,-2.3249
-1.2474,-2.6166
1.7855,-3.2747
-3.7622,-3.5765
-2.5223,-0.16719
-5.6506,-0.33678
-0.84391,-4.9573
5.6308,1.0495
-0.17135,0.52581
1.6992,5.905
0.052909,-0.77202
1.7009,5.5822
5.166,-0.8425
-0.35501,5.4813
-6.0039,-1.5174
5.4012,-3.0862
3.3925,3.3424
4.7112,-1.6938
5.9162,-2.4065
-1.8218,-4.4064
3.7424,3.6226
5.6928,0.91041
4.9095,-5.0987
-2.4867,1.5091
-5.5534,2.1181
4.9214,3.0988
4.1326,-1.8261
-5.3094,5.8382
3.2941,3.7373
-0.59935,5.0731
3.1659,2.2922
0.09464,-5.7693
3.281,-3.074
2.3565,3.8307
3.2253,5.7046
-2.316,-3.8457
0.12578,-0.7909
-1.7134,3.2423
-3.4181,5.6763
3.1414,-2.4908
-1.6418,2.0837
4.9652,2.0331
0.43861,-2.6008
-5.9659,-3.5237
2.616,1.9502
-0.26091,0.60407
3.0277,-5.5302
-4.2039,4.3213
-2.1651,3.6895
2.5875,2.6011
-5.5501,-0.26924
1.0445,-6.0612
-6.0161,-2.558
-1.4439,-1.5939
1.1746,4.7189
-5.1461,-3.8265
2.6282,0.96092
3.2639,3.5904
3.4872,1.782
2.3058,-5.0651
-3.4829,-2.0282
-0.35259,5.9512
-1.3223,-4.6345
-0.29059,-5.9763
2.4011,-4.8998
-0.44339,1.1075
2.6076,-4.9727
-3.5715,-5.9043
-3.0805,4.287
-5.8755,-3.9327
3.6337,3.638
-3.7108,-5.6344
-2.2927,-1.826
-1.3248,-4.8391
-2.3239,-4.9502
4.1244,-4.2219
-0.54467,5.5699
-4.8682,1.8641
-5.096,-3.6951
-0.016262,5.2857
-2.6081,-3.6949
1.0555,4.0392
-5.8174,-4.2914
3.6407,3.4844
2.908,-1.7436
2.1972,-3.1925
-3.2538,-3.4915
2.1294,-4.9581
4.6412,4.2463
2.5984,-5.399
2.744,-1.0421
6.1085,-1.1784
6.0031,-4.4927
4.8439,0.7483
-1.855,-5.1559
-0.46404,0.6825
-3.6498,0.096318
0.22569,-3.8866
1.1059,3.0776
-0.075711,0.44416
4.2647,-2.031
-5.5038,6.0608
-2.8966,1.5069
2.5879,-6.1755
3.4095,3.0455
-4.7726,-0.605
-0.23543,3.3744
-1.145,4.5786
0.020297,2.8628
-2.2509,0.50009
1.3796,3.0099
-1.1531,2.235
4.9214,0.33262
3.4489,2.6322
-1.8331,-1.6611
6.223,1.443
-1.6933,-0.96981
0.90769,4.4034
6.0694,-3.8064
-5.5405,5.6657
-3.3477,-1.4321
0.14361,-4.1609
-3.6297,-5.3212
2.4237,-5.0916
-4.9029,-1.7054
-0.71634,0.6574
4.8771,-6.2033
-2.3582,1.8921
2.5282,-2.9715
-6.0743,0.58443
-1.5341,-3.8775
2.3362,-3.2213
2.0522,-3.8566
3.4991,1.7157
-5.4731,-5.8081
2.8143,3.729
-2.352,5.345
5.7132,-0.73429
4.6153,3.5128
4.8122,-4.344
4.9872,4.6358
-3.7751,0.39446
0.041712,-5.3852
0.33668,-4.9117
1.0909,0.16396
5.1087,-5.2495
3.488,-2.6974
2.1566,-5.0792
-5.4693,-6.119
0.034575,2.1456
-5.3306,-3.4503
0.63108,5.4561
0.40929,-2.6338
-3.0439,0.49738
-4.9492,-2.9384
3.4221,-2.5881
-0.95512,5.5382
3.9126,-4.711
5.6304,-2.0105
-4.6587,-0.83495
-5.5206,2.6998
-1.5317,-3.3822
-0.5444,4.0098
4.592,-0.68989
2.5389,2.1415
0.84097,-0.54464
-4.7428,-1.9938
-2.8265,-4.0064
3.2221,-1.1579
-3.9228,-0.15063
-3.343,3.051
-2.341,-4.8111
6.0026,2.7927
2.7626,4.0519
5.6466,3.4157
2.5816,5.2121
3.9693,-0.0039465
-1.2229,-5.0648
-1.6872,-3.4283
-3.7042,-1.0543
0.012409,-1.3027
5.224,-0.25349
-3.6162,1.025
-4.0545,0.028087
-6.0101,-5.9907
-0.97183,3.9917
1.5981,-5.1283
5.7147,-6.2312
-5.2072,-0.52656
0.93471,3.9152
1.5428,-1.3784
-4.6215,-1.0982
1.2443,0.44064
-3.951,4.3423
4.2121,1.7578
-3.1082,-6.2067
-2.2422,-1.6053
-3.1454,1.783
-1.582,-3.7773
3.7116,4.9295
2.5494,1.3215
0.30959,-5.9659
3.5541,-0.15951
-5.3227,-1.0636
1.1708,3.7718
-4.3201,-6.1419
1.0788,-5.2919
5.7071,0.54592
1.8312,-4.5235
4.3547,-4.4964
4.5126,-4.5261
0.86267,-1.6491
1.3431,-0.38555
-0.50632,-4.3034
1.6124,-1.0195
2.7018,2.3866
-3.1562,-1.4893
2.1953,-2.2761
-0.66215,-0.12103
-5.3827,4.2363
2.6494,5.3925
-5.0038,-2.5231
-3.189,4.3188
-0.57412,-6.2738
-3.2688,1.9465
-4.2432,-2.8048
0.31661,2.7704
-6.2033,3.6371
2.8588,5.7644
3.9381,1.7148
-2.5415,-0.2878
-0.93818,-4.1021
1.4174,-2.9208
1.1156,-5.0824
-2.1601,-1.3245
4.4977,0.39388
3.4898,0.72259
5.2515,4.7758
-0.57082,0.47529
5.4554,-4.2896
1.3176,-2.1945
-1.0127,4.9702
5.7705,2.5955
-1.9839,-0.74837
4.6109,-6.241
-4.9014,0.91766
-6.2096,0.57474
1.0999,-1.2252
-1.6438,3.6169
0.18916,3.0035
3.3722,4.2932
-2.6359,-2.3517
5.927,-3.4415
-0.78156,-5.8363
1.9212,-2.0127
4.8316,0.0048791
-3.0494,3.7109
4.201,-2.1164
5.5043,-0.11342
4.4886,-4.9341
-3.2417,1.0715
-4.7506,3.2071
-4.6697,0.47355
-0.89573,-3.652
-1.5463,5.7355
-5.4504,-4.652
-4.0042,1.6864
3.8241,0.031789
-5.2339,0.35406
5.2406,5.9106
-0.44216,-4.3769
-5.0651,5.2982
2.6673,4.4965
4.9105,2.0301
0.049397,1.1322
3.8125,-2.3685
-3.0247,5.5754
-1.8867,-3.4784
-2.7831,-5.7688
2.914,5.85
1.498,-2.4371
4.5133,-3.1461
6.2581,-6.1516
-1.3821,5.6107
-2.9076,-1.3999
-2.1301,2.892
-2.1277,-5.1489
1.3156,-3.4096
-3.9536,3.3807
-4.0308,2.8541
0.61177,0.53058
-0.0057033,0.22474
-4.0453,-0.9297
2.3672,-3.3494
1.2755,-5.054
2.5063,5.6042
-1.1348,-3.1447
3.6968,-4.7638
3.0198,2.159
2.5415,4.3458
-5.3255,1.5518
-1.6544,-4.7917
-0.68717,-3.0807
2.3782,1.921
-6.1245,-3.5917
1.6708,5.5517
-1.9953,2.6198
-1.5914,-1.1696
3.6747,3.7883
-2.843,-2.4395
6.057,5.5373
-4.4262,1.8538
3.087,-0.40284
2.0902,2.3562
1.9217,-1.792
-1.1481,2.3042
-2.7988,3.6148
4.8793,4.4414
-5.0018,1.8361
2.2909,3.8812
-5.2259,-0.19403
3.7424,-3.0682
3.1546,-1.1988
-3.8576,-5.306
-6.0169,-0.96374
-6.1278,-5.634
-3.4829,-2.5327
5.2264,-3.2946
2.0217,-1.9153
2.7004,5.0263
2.3076,-3.1635
0.31697,-0.3659
1.4268,1.6954
-2.0719,4.6641
0.16555,6.1731
-5.1973,-3.6865
-6.1323,5.593
0.26167,2.8917
3.8369,-0.66148
1.642,1.6045
-4.8456,-1.3243
-1.3347,2.5988
-2.4868,2.2023
3.4645,3.0756
5.8715,1.1851
-4.543,-5.6903
-2.8795,1.3686
5.2996,3.9274
3.5036,2.2317
2.2668,1.7635
5.4245,-5.6288
-3.2698,-0.20837
3.3814,-3.2731
-3.7586,1.0284
-5.719,-3.8878
-0.15565,-5.6905
-2.001,2.3104
-1.1277,-5.9771
-2.2999,2.6853
3.332,-0.37449
-1.701,0.98563
-0.59269,-1.8107
5.5887,0.41422
-4.7688,4.8277
-1.7871,3.4193
-1.5331,-5.6078
-4.0006,4.0279
2.795,1.5215
1.3506,2.6008
6.2396,1.1789
0.48555,-1.1926
1.8511,3.9487
5.2631,3.8094
2.9025,-0.65337
1.1375,-3.8116
-0.45937,0.2597
-2.2555,3.3623
0.42383,-1.4707
-4.6642,0.61934
-2.4082,-2.2893
1.5355,3.7604
-4.2279,5.8803
-3.842,5.6446
5.0072,-4.6526
3.9171,2.1717
3.1167,4.2328
-6.1243,0.033779
6.1713,-3.8161
1.4634,-0.12664
1.0009,5.3282
1.0116,0.054447
1.4623,2.1277
1.8768,5.5292
-4.2926,-1.2656
-3.651,0.13084
-2.8506,-4.3414
2.5931,-2.5057
-3.3481,3.4087
-2.0702,-1.3192
0.2768,-4.7299
-5.7835,-3.8202
-0.098383,2.2379
5.0993,-5.331
-4.0705,6.0171
4.6451,-0.52646
2.7562,-5.2169
1.9408,4.8609
5.6776,4.8234
-3.1291,-1.2371
-3.137,4.0104
1.1453,5.1697
-1.537,3.947
5.1024,6.2645
-4.6539,-3.6768
-1.6116,-4.8969
2.3063,-1.8883
-4.7916,2.6584
1.4938,-2.4348
6.2309,5.0002
-2.2296,2.7916
-3.6592,1.9058
-4.0435,0.48646
-5.3997,2.2686
2.1969,1.6695
5.4303,-0.76892
4.0052,2.1428
1.0411,-3.0626
0.81657,-0.21152
3.9326,1.6397
-3.6559,3.3895
-3.9564,-5.1108
-2.1039,-2.6328
0.20042,2.9261
-1.5438,-2.0784
2.1851,-0.10854
-2.2023,-2.9483
1.8443,5.2347
1.5774,-4.2586
4.2145,3.3096
1.8599,-2.4673
-3.7478,-4.0497
5.1281,-2.0484
5.2388,-2.8106
0.36133,5.3376
6.0567,-1.9821
-5.2371,1.1516
-5.7091,-3.3283
5.1581,-4.2837
0.86468,-4.5187
-0.73909,-4.9264
-1.4067,6.1825
-0.80848,5.0351
-6.0527,-2.1357
0.53045,1.9327
-0.3026,-0.3483
-2.2648,0.97231
-0.19004,-6.1684
-2.3312,-4.1436
-5.2752,-0.615
3.4956,2.8778
-1.7493,-5.6092
3.116,-5.075
4.6142,-0.048373
-2.127,3.1511
1.888,-2.4718
-5.5603,3.3538
-5.841,-1.7017
-0.36787,1.6144
1.6907,-4.2071
-5.0487,-1.5939
3.0815,-3.6492
3.5446,-6.2182
1.7404,1.7585
-1.0796,5.2831
4.2411,-5.4755
-2.8785,-3.6873
6.28,4.0045
-2.6298,-4.9869
5.0438,0.33488
2.7796,-3.473
-3.8695,4.1846
-0.34388,-6.1612
3.1762,-5.1508
3.1291,-4.9711
4.0908,-4.2996
-0.41632,4.3325
-0.50695,2.5324
-2.6126,-5.2149
-5.1022,-1.0928
-0.22585,-5.284
5.822,-4.5242
-1.5849,-1.1089
-0.79241,-1.3564
-2.5471,-1.6793
-0.68947,2.801
-2.4244,1.5316
-2.8078,0.26547
0.065136,-5.8906
5.7761,-2.6484
-3.2656,2.9702
2.7106,3.2107
-0.10111,-2.0443
-6.1358,0.61159
2.8497,3.2925
3.5426,-5.7144
5.2455,4.5324
5.5813,4.1786
-5.7284,3.7758
0.62895,5.972
-2.8678,4.8613
-2.6709,0.36913
-5.2774,2.141
-1.7725,5.5994
2.2675,0.24622
4.5355,-5.0144
4.2005,-6.0435
-2.5689,-3.9996
3.9737,1.6351
2.1779,4.3769
-5.5832,1.171
3.2013,3.9558
-6.0236,-1.7237
1.456,4.3285
0.98825,-0.83577
-2.5956,3.144
-5.4123,2.427
-1.6725,3.4195
-2.025,0.1616
-2.6465,0.15102
-0.2028,6.2624
-5.0625,-0.10343
5.0009,0.36345
-1.7779,-2.9739
2.5335,0.80046
-0.51595,-1.5223
-1.3903,-3.2388
3.7735,-4.9544
0.70395,0.93465
1.2432,3.3159