0.78388,5.701
2.3277,-6.191
-0.98183,3.897
-3.8004,1.3236
3.5249,-1.8314
1.5784,1.5141
3.7183,0.70662
-2.8479,1.1358
-0.67506,0.8256
-5.7892,-0.54114
3.9757,-3.1455
-5.9472,1.5393
-1.2184,3.9629
0.38798,5.8365
-4.8909,5.4822
-0.78125,3.7833
-2.2469,1.6524
5.4624,-0.64855
4.5506,2.3842
4.7745,-5.6739
-1.7045,0.94548
1.7191,-2.6425
-3.3566,-2.3061
0.4899,2.8997
5.6687,2.3614
3.8917,2.8526
6.1014,0.16592
3.9147,-0.020406
2.2487,4.3259
1.5295,3.6483
-2.3213,5.363
-5.013,4.8074
5.9272,5.245
-5.0924,1.2864
-0.42505,1.1391
-0.88506,0.090388
3.7938,3.5558
1.4426,1.7829
2.4396,2.3972
6.0873,4.8498
2.7626,-3.0966
-5.2887,-4.6795
-5.3761,-1.7995
5.6176,1.1583
3.9617,4.841
-1.2123,3.7432
-2.7634,5.0777
0.41736,-1.5317
0.89978,3.8024
2.1282,-5.4859
3.9105,-5.1578
-5.0233,-5.8445
0.90494,-2.1468
3.5482,-0.45982
0.20944,-4.7617
1.0835,5.2115
0.61117,4.3134
-1.7152,-5.796
-3.4275,3.5715
2.3622,-2.6535
5.6282,3.1435
2.676,-3.4755
-3.8554,1.1832
3.2434,-4.0627
3.4272,-5.2924
6.0395,-3.7889
1.1319,2.1369
-2.0568,4.4701
-3.5976,-0.21508
4.4221,-3.4679
5.2534,-0.66278
-5.4356,1.6923
-0.63475,0.66685
0.53923,3.0024
-4.6007,-2.8918
-2.9865,1.584
-4.618,2.2648
-5.297,-4.6578
3.3254,3.8451
4.3074,-3.311
0.35187,5.9129
-1.5589,-1.8361
-5.7846,-4.6278
3.8182,2.3675
-1.4096,-4.1046
-5.6037,-0.060393
-5.2441,0.11509
-5.3899,3.6628
-5.7101,1.5192
4.1181,4.9211
2.3181,1.9263
5.3224,2.3652
-1.5726,0.91652
1.0929,-3.6469
-0.57882,4.3961
0.25969,-6.0669
-5.9501,-0.38688
-1.7503,-1.496
4.9736,-2.0822
0.6915,1.486
5.7562,-2.3278
-5.2719,1.1048
-1.1241,-4.073
-0.85819,0.079818
-0.86087,-4.0404
1.4527,-1.2339
-0.35465,-1.027
-3.033,5.562
-0.52072,5.5359
-2.3652,3.4271
0.81631,-3.7062
3.9805,3.2945
5.132,4.4825
1.8649,-2.7875
5.6036,3.6406
-4.3854,-0.29078
0.3695,-2.6691
-3.9815,-2.0792
-4.883,2.9641
-6.0131,-0.93598
2.7,4.859
2.9135,-1.4579
-4.2248,-0.52669
0.84451,-0.049487
4.1118,-4.3782
4.1391,-1.3093
-2.0335,0.43208
5.8848,-0.74506
5.0029,5.774
-4.5784,-2.2898
-4.0194,3.0062
-3.8164,-3.43
-1.0244,-1.6703
1.637,2.5632
4.6918,0.34349
-3.1686,3.8226
-4.4226,0.089345
-5.9126,3.4929
-4.2735,-4.9124
-2.9783,-6.2445
1.7934,-3.8219
-6.2635,1.8653
0.55258,-0.75458
-1.5525,-3.91
-5.8844,-1.1107
4.6022,-5.7811
5.4999,3.5186
0.62429,3.5962
-4.368,-5.7408
1.3487,4.3381
4.0601,0.46607
4.4741,-3.269
-2.0204,-1.1056
0.54126,-4.4276
5.2203,3.6313
-3.4678,5.362
5.5885,-1.7235
3.2656,-4.4293
-3.1326,-3.1498
-3.6918,1.2543
-4.5351,2.683
2.611,-3.8652
4.1044,-0.28702
2.2247,-1.7779
5.575,-0.49361
4.3448,-3.3508
5.4529,-0.37688
0.59805,4.2848
-5.4965,-5.3526
-3.9972,-0.5739
-3.158,3.4138
-3.9175,-1.8528
-4.258,-3.96
6.1673,4.5951
4.0191,0.27609
-0.10414,2.2372
-4.6341,-2.6669
-5.0758,-3.1691
4.4561,-2.5786
4.0279,3.3546
-4.8372,2.0106
-5.6054,-5.9795
1.116,-3.7057
-6.2128,-5.1272
-2.1909,1.2713
1.8724,0.12052
5.3285,-5.7258
-4.9468,5.5259
-1.8083,-6.2805
0.98042,1.225
-2.3043,1.0945
-2.2016,2.8759
-0.66495,-3.3761
-0.51517,-3.0856
-2.5267,4.3702
-3.2083,-0.45415
0.53397,-2.864
-2.9494,1.8849
4.427,2.1064
-4.4292,4.5366