25.814
74.368
-13.507
27.622
25.169
2.4956
16.775
17.688
11.066
29.156
-10.427
56.939
-18.206
31.395
109.38
-11.833
10.754
52.569
-52.42
152.57
36.686
51.791
3.3373
27.407
-8.3584
-46.718
39.026
32.678
9.1054
37.139
70.33
98.703
3.1506
42.53
4.9439
23.347
-35.849
4.1984
12.294
1.6921
52.962
2.7743
16.102
24.489
1.7795
-36.608
63.254
4.8752
26.855
59.619
88.905
2.5424
17.291
21.947
25.318
18.685
17.186
61.934
58.253
48.575
-40.407
56.276
26.777
50.008
78.52
86.766
10.059
30.135
13.218
-24.047
58.916
53.312
11.012
31.785
49.919
20.408
61.374
2.888
-6.9021
-28.555
32.703
-19.154
2.7774
-19.822
-33.995
32.502
30.596
106.5
53.659
4.9605
4.2946
-26.258
38.257
51.452
18.294
41.98
32.734
1.573
17.551
2.2016
50.127
42.27
-25.066
21.94
-14.152
9.1025
3.1914
76.323
43.056
-16.345
41.447
-58.983
-12.561
61.633
-29.98
18.676
20.768
9.8906
111.13
27.108
5.7501
19.811
15.452
2.6113
58.097
35.868
38.094
48.585
40.007
20.096
88.811
28.01
-5.5389
29.205
69.27
47.507
22.314
102.6
2.329
14.367
53.722
65.422
3.1867
-52.874
23.963
153.52
-42.36
29.243
3.705
14.867
34.495
-39.817
16.237
26.992
-57.247
79.299
48.809
57.588
-3.2605
25.695
87.132
51.782
44.87
19.201
49.59
-28.566
52.32
17.256
1.5038
13.386
41.426
7.5473
14.68
1.6626
35.243
1.9651
38.384
53.587
-20.248
-61.015
54.043
1.865
49.428
2.2354
18.568
5.0188
144.33
111.45
67.867
1.6946
20.117
-37.905
-36.155
-29.392
40.101
9.8
34.199
21.034
-27.751
84.027